with: 1.2322738386308068
without: 1.1742518151230743