with: 1.5076023391812865
without: 1.362563988426441